% [R&S] IDN: Rohde&Schwarz,RTO,1329.7002k34/320006,5.10.1.0
% [R&S] CHAN1 STAT: 1
% [R&S] CHAN2 STAT: 1
% [R&S] CHAN3 STAT: 1
% buffer_double_mapped :warning: allocate_buffer: tried to allocate   4 items of size 20000. Due to alignment requirements   128 were allocated.  If this isn't OK, consider padding   your structure to a power-of-two bytes.   On this platform, our allocation granularity is 4096 bytes.
% buffer_double_mapped :warning: allocate_buffer: tried to allocate   4 items of size 20000. Due to alignment requirements   128 were allocated.  If this isn't OK, consider padding   your structure to a power-of-two bytes.   On this platform, our allocation granularity is 4096 bytes.
% buffer_double_mapped :warning: allocate_buffer: tried to allocate   4 items of size 20000. Due to alignment requirements   128 were allocated.  If this isn't OK, consider padding   your structure to a power-of-two bytes.   On this platform, our allocation granularity is 4096 bytes.
% buffer_double_mapped :warning: allocate_buffer: tried to allocate   4 items of size 40000. Due to alignment requirements   64 were allocated.  If this isn't OK, consider padding   your structure to a power-of-two bytes.   On this platform, our allocation granularity is 4096 bytes.
% buffer_double_mapped :warning: allocate_buffer: tried to allocate   4 items of size 40000. Due to alignment requirements   64 were allocated.  If this isn't OK, consider padding   your structure to a power-of-two bytes.   On this platform, our allocation granularity is 4096 bytes.
% buffer_double_mapped :warning: allocate_buffer: tried to allocate   10 items of size 40000. Due to alignment requirements   64 were allocated.  If this isn't OK, consider padding   your structure to a power-of-two bytes.   On this platform, our allocation granularity is 4096 bytes.
% buffer_double_mapped :warning: allocate_buffer: tried to allocate   10 items of size 40000. Due to alignment requirements   64 were allocated.  If this isn't OK, consider padding   your structure to a power-of-two bytes.   On this platform, our allocation granularity is 4096 bytes.
% buffer_double_mapped :warning: allocate_buffer: tried to allocate   10 items of size 40000. Due to alignment requirements   64 were allocated.  If this isn't OK, consider padding   your structure to a power-of-two bytes.   On this platform, our allocation granularity is 4096 bytes.
% buffer_double_mapped :warning: allocate_buffer: tried to allocate   8 items of size 40000. Due to alignment requirements   64 were allocated.  If this isn't OK, consider padding   your structure to a power-of-two bytes.   On this platform, our allocation granularity is 4096 bytes.
% buffer_double_mapped :warning: allocate_buffer: tried to allocate   8 items of size 40000. Due to alignment requirements   64 were allocated.  If this isn't OK, consider padding   your structure to a power-of-two bytes.   On this platform, our allocation granularity is 4096 bytes.
2 2324.160
1 2374.182
1 2374.190
2 2324.182
2 2324.201
1 2374.203
1 2374.198
2 2324.192
2 2324.213
1 2374.192
2 2324.233
1 2374.197
2 2324.186
1 2374.209
2 2324.233
1 2374.177
2 2324.187
1 2374.199
2 2324.191
1 2374.198
1 2374.212
2 2324.206
2 2324.189
1 2374.199
2 2324.218
1 2374.217
1 2374.208
2 2324.209
1 2374.220
2 2324.248
1 2374.200
2 2324.219
1 2374.212
2 2324.210
1 2374.199
2 2324.215
2 2324.172
1 2374.198
1 2374.203
2 2324.200
2 2324.174
1 2374.190
2 2324.202
1 2374.191
2 2324.205
1 2374.188
1 2374.202
2 2324.206
2 2324.177
1 2374.192
1 2374.214
2 2324.189
1 2374.203
2 2324.203
1 2374.206
2 2324.189
2 2324.200
1 2374.194
1 2374.191
2 2324.198
2 2324.200
1 2374.183
1 2374.199
2 2324.192
1 2374.206
2 2324.188
1 2374.195
2 2324.209
2 2324.222
1 2374.217
2 2324.243
1 2374.174
1 2374.203
2 2324.259
2 2324.179
1 2374.183
1 2374.205
2 2324.224
2 2324.183
1 2374.199
1 2374.200
2 2324.183
1 2374.208
2 2324.224
2 2324.232
1 2374.205
1 2374.184
2 2324.224
1 2374.217
2 2324.225
2 2324.211
1 2374.227
1 2374.209
2 2324.205
1 2374.203
2 2324.211
2 2324.239
1 2374.207
2 2324.170
1 2374.209
2 2324.225
1 2374.192
2 2324.189
1 2374.198
1 2374.228
2 2324.221
1 2374.197
2 2324.185
1 2374.210
2 2324.198
1 2374.212
2 2324.217
2 2324.177
1 2374.197
2 2324.217
1 2374.204
2 2324.197
1 2374.188
2 2324.203
1 2374.192
2 2324.223
1 2374.207
2 2324.228
1 2374.189
1 2374.193
2 2324.165
1 2374.193
2 2324.200
1 2374.211
2 2324.252
1 2374.207
2 2324.205
1 2374.174
2 2324.201
2 2324.185
1 2374.202
2 2324.206
1 2374.192
1 2374.195
2 2324.171
2 2324.189
1 2374.213
1 2374.186
2 2324.231
2 2324.170
1 2374.186
2 2324.227
1 2374.205
2 2324.228
1 2374.195
1 2374.192
2 2324.195
2 2324.189
1 2374.203
1 2374.188
2 2324.224
1 2374.204
2 2324.195
1 2374.206
2 2324.192
1 2374.227
2 2324.226
2 2324.197
1 2374.189
2 2324.202
1 2374.190
1 2374.207
2 2324.216
2 2324.196
1 2374.191
2 2324.182
1 2374.184
2 2324.188
1 2374.189
1 2374.191
2 2324.190
1 2374.207
2 2324.207
2 2324.193
1 2374.201
1 2374.190
2 2324.231
2 2324.167
1 2374.181
1 2374.187
2 2324.198
1 2374.190
2 2324.200
1 2374.180
2 2324.198
2 2324.215
1 2374.206
1 2374.203
2 2324.221
1 2374.227
2 2324.182
2 2324.173
1 2374.198
1 2374.196
2 2324.202
1 2374.206
2 2324.206
1 2374.201
2 2324.242
1 2374.195
2 2324.181
2 2324.217
1 2374.202
2 2324.213
1 2374.200
1 2374.223
2 2324.247
1 2374.198
2 2324.208
2 2324.227
1 2374.221
1 2374.210
2 2324.218
1 2374.192
2 2324.212
1 2374.201
2 2324.208
1 2374.195
2 2324.216
1 2374.198
2 2324.232
1 2374.193
2 2324.221
1 2374.215
2 2324.226
1 2374.222
2 2324.227
1 2374.173
2 2324.169
1 2374.194
2 2324.189
2 2324.208
1 2374.201
1 2374.195
2 2324.249
2 2324.182
1 2374.184
2 2324.191
1 2374.201
2 2324.179
1 2374.201
2 2324.193
1 2374.183
1 2374.196
2 2324.212
2 2324.199
1 2374.205
1 2374.194
2 2324.209
2 2324.177
1 2374.206
1 2374.201
2 2324.216
1 2374.192
2 2324.213
1 2374.200
2 2324.222
2 2324.240
1 2374.202
1 2374.195
2 2324.193
1 2374.190
2 2324.193
2 2324.216
1 2374.195
2 2324.183
1 2374.189
2 2324.220
1 2374.200
1 2374.211
2 2324.202
1 2374.202
2 2324.221
1 2374.205
2 2324.207
2 2324.211
1 2374.191
1 2374.207
2 2324.210
2 2324.226
1 2374.212
2 2324.180
1 2374.179
2 2324.203
1 2374.205
1 2374.205
2 2324.268
1 2374.197
2 2324.195
1 2374.187
2 2324.181
1 2374.215
2 2324.221
1 2374.198
2 2324.243
2 2324.252
1 2374.222
1 2374.173
2 2324.163
2 2324.220
1 2374.199
2 2324.223
1 2374.213
1 2374.210
2 2324.227
2 2324.209
1 2374.212
2 2324.228
1 2374.199
2 2324.190
1 2374.204
1 2374.180
2 2324.196
1 2374.198
2 2324.198
1 2374.216
2 2324.215
1 2374.210
2 2324.177
2 2324.205
1 2374.204
1 2374.224
2 2324.225
2 2324.220
1 2374.189
1 2374.195
2 2324.219
2 2324.189
1 2374.193
1 2374.175
2 2324.163
1 2374.213
2 2324.231
2 2324.190
1 2374.196
1 2374.194
2 2324.225
1 2374.176
2 2324.192
2 2324.172
1 2374.181
1 2374.177
2 2324.162
2 2324.196
1 2374.182
1 2374.191
2 2324.178
1 2374.195
2 2324.192
1 2374.192
2 2324.201
1 2374.210
2 2324.211
2 2324.217
1 2374.218
1 2374.212
2 2324.181
1 2374.225
2 2324.248
2 2324.242
1 2374.198
2 2324.193
1 2374.211
2 2324.179
1 2374.194
1 2374.217
2 2324.226
1 2374.212
2 2324.200
1 2374.194
2 2324.215
1 2374.202
2 2324.183
1 2374.186
2 2324.212
2 2324.176
1 2374.197
1 2374.208
2 2324.211
2 2324.230
1 2374.213
1 2374.211
2 2324.237
1 2374.219
2 2324.199
1 2374.193
2 2324.203
1 2374.191
2 2324.215
2 2324.156
1 2374.181
2 2324.177
1 2374.196
2 2324.225
1 2374.203
2 2324.224
1 2374.194
2 2324.202
1 2374.190
1 2374.196
2 2324.199
1 2374.232
2 2324.215
1 2374.198
2 2324.208
1 2374.192
2 2324.187
2 2324.193
1 2374.203
1 2374.179
2 2324.225
1 2374.209
2 2324.196
1 2374.184
2 2324.187
2 2324.219
1 2374.206
1 2374.195
2 2324.177
2 2324.177
1 2374.205
1 2374.196
2 2324.219
1 2374.191
2 2324.217
2 2324.192
1 2374.199
1 2374.204
2 2324.190
2 2324.220
1 2374.199
1 2374.201
2 2324.209
1 2374.199
2 2324.173
2 2324.196
1 2374.199
2 2324.208
1 2374.208
1 2374.195
2 2324.196
1 2374.178
2 2324.202
1 2374.195
2 2324.181
1 2374.198
2 2324.231
1 2374.202
2 2324.199
2 2324.193
1 2374.193
2 2324.163
1 2374.185
1 2374.199
2 2324.218
1 2374.192
2 2324.203
1 2374.204
2 2324.231
2 2324.195
1 2374.197
1 2374.199
2 2324.192
2 2324.230
1 2374.208
2 2324.220
1 2374.188
1 2374.194
2 2324.235
1 2374.223
2 2324.235
2 2324.207
1 2374.218
2 2324.208
1 2374.193
1 2374.212
2 2324.209
1 2374.192
2 2324.188
1 2374.193
2 2324.185
1 2374.194
2 2324.181
2 2324.199
1 2374.199
1 2374.195
2 2324.182
1 2374.219
2 2324.198
1 2374.195
2 2324.226
1 2374.188
2 2324.172
1 2374.195
2 2324.183
1 2374.207
2 2324.194
2 2324.172
1 2374.183
2 2324.197
1 2374.192
2 2324.213
1 2374.203
2 2324.184
1 2374.196
1 2374.164
2 2324.195
2 2324.234
1 2374.203
1 2374.191
2 2324.212
2 2324.224
1 2374.210
2 2324.215
1 2374.204
1 2374.224
2 2324.233
2 2324.185
1 2374.193
1 2374.200
2 2324.202
2 2324.227
1 2374.202
2 2324.183
1 2374.190
2 2324.245
1 2374.208
1 2374.173
2 2324.191
1 2374.214
2 2324.224
2 2324.238
1 2374.205
1 2374.178
2 2324.199
1 2374.204
2 2324.217
1 2374.198
2 2324.227
1 2374.201
2 2324.180
1 2374.211
2 2324.222
2 2324.190
1 2374.204
1 2374.220
2 2324.248
2 2324.207
1 2374.221
2 2324.231
1 2374.208
1 2374.193
2 2324.176
1 2374.194
2 2324.209
2 2324.201
1 2374.213
1 2374.193
2 2324.212
2 2324.228
1 2374.220
2 2324.171
1 2374.198
2 2324.205
1 2374.192
2 2324.241
1 2374.182
1 2374.186
2 2324.186
2 2324.262
1 2374.189
1 2374.196
2 2324.180
2 2324.183
1 2374.195
1 2374.192
2 2324.189
1 2374.195
2 2324.221
1 2374.188
2 2324.177
1 2374.193
2 2324.198
1 2374.206
2 2324.232
2 2324.234
1 2374.205
1 2374.212
2 2324.203
2 2324.210
1 2374.188
2 2324.227
1 2374.208
1 2374.184
2 2324.187
2 2324.242
1 2374.195
1 2374.193
2 2324.176
1 2374.209
2 2324.242
2 2324.212
1 2374.215
2 2324.195
1 2374.188
1 2374.210
2 2324.205
2 2324.202
1 2374.207
2 2324.192
1 2374.188
2 2324.200
1 2374.199
1 2374.187
2 2324.215
1 2374.205
2 2324.202
1 2374.177
2 2324.174
1 2374.193
2 2324.211
2 2324.213
1 2374.189
1 2374.192
2 2324.211
1 2374.210
2 2324.205
2 2324.213
1 2374.197
1 2374.196
2 2324.215
1 2374.213
2 2324.219
1 2374.177
2 2324.184
1 2374.187
2 2324.204
1 2374.187
2 2324.179
1 2374.205
2 2324.212
2 2324.182
1 2374.202
1 2374.201
2 2324.196
2 2324.210
1 2374.207
1 2374.200
2 2324.189
2 2324.202
1 2374.198
1 2374.193
2 2324.185
2 2324.271
1 2374.229
1 2374.187
2 2324.212
1 2374.197
2 2324.206
1 2374.199
2 2324.199
2 2324.191
1 2374.203
1 2374.191
2 2324.188
1 2374.211
2 2324.228
1 2374.191
2 2324.202
2 2324.194
1 2374.202
1 2374.207
2 2324.191
1 2374.209
2 2324.202
1 2374.203
2 2324.216
1 2374.191
2 2324.203
2 2324.190
1 2374.220
2 2324.171
1 2374.181
1 2374.196
2 2324.209
2 2324.238
1 2374.196
1 2374.187
2 2324.171
2 2324.226
1 2374.213
2 2324.186
1 2374.194
1 2374.191
2 2324.203
1 2374.185
2 2324.205
2 2324.184
1 2374.187
1 2374.190
2 2324.178
2 2324.181
1 2374.194
2 2324.199
1 2374.196
1 2374.185
2 2324.178
2 2324.187
1 2374.203
1 2374.184
2 2324.220
2 2324.207
1 2374.195
2 2324.207
1 2374.204
1 2374.191
2 2324.195
1 2374.204
2 2324.214
1 2374.202
2 2324.185
1 2374.215
2 2324.232
1 2374.205
2 2324.196
2 2324.223
1 2374.209
1 2374.211
2 2324.229
1 2374.199
2 2324.197
2 2324.235
1 2374.191
1 2374.201
2 2324.216
1 2374.187
2 2324.198
1 2374.205
2 2324.190
1 2374.204
2 2324.214
1 2374.201
2 2324.177
2 2324.229
1 2374.195
1 2374.206
2 2324.217
2 2324.197
1 2374.203
2 2324.200
1 2374.198
1 2374.197
2 2324.209
1 2374.214
2 2324.239
2 2324.199
1 2374.188
2 2324.221
1 2374.197
2 2324.218
1 2374.210
2 2324.208
1 2374.220
1 2374.195
2 2324.194
1 2374.216
2 2324.224
1 2374.212
2 2324.225
2 2324.189
1 2374.181
2 2324.218
1 2374.230
2 2324.228
1 2374.193
2 2324.188
1 2374.178
2 2324.226
1 2374.196
1 2374.198
2 2324.186
2 2324.200
1 2374.197
2 2324.222
1 2374.196
2 2324.190
1 2374.200
1 2374.203
2 2324.226
2 2324.192
1 2374.188
1 2374.222
2 2324.242
2 2324.193
1 2374.206
2 2324.216
1 2374.169
1 2374.233
2 2324.289
2 2324.222
1 2374.191
2 2324.183
1 2374.200
2 2324.254
1 2374.206
1 2374.216
2 2324.198
1 2374.188
2 2324.168
1 2374.216
2 2324.207
1 2374.193
2 2324.177
1 2374.192
2 2324.187
1 2374.200
2 2324.211
2 2324.190
1 2374.205
2 2324.178
1 2374.192
2 2324.191
1 2374.188
2 2324.222
1 2374.193
1 2374.198
2 2324.186
2 2324.156
1 2374.182
1 2374.181
2 2324.197
1 2374.195
2 2324.195
1 2374.196
2 2324.247
1 2374.199
2 2324.209
1 2374.208
2 2324.179
1 2374.212
2 2324.208
1 2374.202
2 2324.220
1 2374.192
2 2324.216
2 2324.223
1 2374.205
1 2374.215
2 2324.212
1 2374.177
2 2324.180
2 2324.194
1 2374.201
1 2374.199
2 2324.216
2 2324.197
1 2374.180
1 2374.213
2 2324.208
2 2324.223
1 2374.206
1 2374.184
2 2324.167
1 2374.180
2 2324.205
1 2374.209
2 2324.213
2 2324.229
1 2374.217
1 2374.204
2 2324.230
1 2374.206
2 2324.222
1 2374.197
2 2324.208
2 2324.226
1 2374.203
2 2324.221
1 2374.217
1 2374.171
2 2324.217
2 2324.202
1 2374.202
2 2324.215
1 2374.184
1 2374.213
2 2324.217
1 2374.207
2 2324.215
1 2374.188
2 2324.164
2 2324.218
1 2374.202
2 2324.219
1 2374.213
1 2374.210
2 2324.162
1 2374.226
2 2324.236
1 2374.204
2 2324.204
2 2324.229
1 2374.192
1 2374.197
2 2324.256
1 2374.194
2 2324.215
2 2324.214
1 2374.205
1 2374.193
2 2324.216
2 2324.161
1 2374.184
1 2374.223
2 2324.231
1 2374.190
2 2324.192
1 2374.199
2 2324.229
1 2374.200
2 2324.182
2 2324.217
1 2374.188
1 2374.201
2 2324.204
1 2374.179
2 2324.181
2 2324.166
1 2374.202
1 2374.209
2 2324.213
2 2324.187
1 2374.195
2 2324.217
1 2374.182
2 2324.225
1 2374.201
1 2374.209
2 2324.217
1 2374.198
2 2324.193
2 2324.174
1 2374.215
1 2374.215
2 2324.251
2 2324.201
1 2374.193
2 2324.237
1 2374.215
1 2374.218
2 2324.221
1 2374.208
2 2324.186
1 2374.226
2 2324.225
1 2374.216
2 2324.253
2 2324.241
1 2374.237
1 2374.183
2 2324.204
1 2374.198
2 2324.207
1 2374.193
2 2324.193
1 2374.209
2 2324.212
2 2324.188
1 2374.169
1 2374.205
2 2324.213
2 2324.208
1 2374.214
2 2324.246
1 2374.204
2 2324.203
1 2374.193
2 2324.214
1 2374.216
1 2374.194
2 2324.202
1 2374.199
2 2324.184
2 2324.207
1 2374.186
1 2374.215
2 2324.230
1 2374.177
2 2324.194
1 2374.205
2 2324.217
1 2374.218
2 2324.222
1 2374.214
2 2324.241
2 2324.188
1 2374.193
2 2324.223
1 2374.215
2 2324.193
1 2374.204
1 2374.196
2 2324.205
1 2374.198
2 2324.186
1 2374.196
2 2324.203
2 2324.180
1 2374.201
2 2324.178
1 2374.189
1 2374.218
2 2324.227
1 2374.191
2 2324.215
1 2374.204
2 2324.233
1 2374.202
2 2324.176
2 2324.224
1 2374.212
2 2324.245
1 2374.218
1 2374.209
2 2324.225
2 2324.189
1 2374.196
1 2374.206
2 2324.199
1 2374.189
2 2324.193
1 2374.205
2 2324.196
1 2374.198
2 2324.180
1 2374.206
2 2324.204
1 2374.199
2 2324.206
1 2374.196
2 2324.193
1 2374.192
2 2324.201
2 2324.202
1 2374.201
2 2324.242
1 2374.224
1 2374.220
2 2324.210
2 2324.184
1 2374.200
1 2374.206
2 2324.242
1 2374.204
2 2324.243
1 2374.186
2 2324.203
2 2324.193
1 2374.200
2 2324.204
1 2374.180
2 2324.170
1 2374.185
2 2324.205
1 2374.199
2 2324.239
1 2374.209
2 2324.201
1 2374.218
1 2374.196
2 2324.231
1 2374.198
2 2324.244
2 2324.228
1 2374.195
1 2374.220
2 2324.241
2 2324.217
1 2374.213
2 2324.234
1 2374.200
1 2374.218
2 2324.243
2 2324.216
1 2374.200
1 2374.188
2 2324.186
1 2374.219
2 2324.191
1 2374.198
2 2324.227
2 2324.193
1 2374.209
1 2374.187
2 2324.214
2 2324.208
1 2374.206
1 2374.211
2 2324.230
1 2374.210
2 2324.251
2 2324.178
1 2374.185
2 2324.215
1 2374.204
2 2324.239
1 2374.196
1 2374.210
2 2324.234
1 2374.200
2 2324.201
1 2374.210
2 2324.214
1 2374.187
2 2324.178
1 2374.185
2 2324.210
2 2324.212
1 2374.206
1 2374.198
2 2324.209
2 2324.214
1 2374.223
1 2374.198
2 2324.214
2 2324.191
1 2374.191
1 2374.208
2 2324.209
1 2374.190
2 2324.199
2 2324.185
1 2374.173
1 2374.189
2 2324.197
2 2324.221
1 2374.215
1 2374.207
2 2324.195
1 2374.190
2 2324.207
1 2374.198
2 2324.205
1 2374.189
2 2324.224
2 2324.204
1 2374.203
1 2374.201
2 2324.209
2 2324.215
1 2374.194
1 2374.210
2 2324.220
2 2324.237
1 2374.220
2 2324.197
1 2374.190
1 2374.198
2 2324.216
1 2374.210
2 2324.198
2 2324.197
1 2374.197
2 2324.241
1 2374.198
2 2324.203
1 2374.198
2 2324.230
1 2374.216
1 2374.199
2 2324.185
1 2374.186
2 2324.168
1 2374.201
2 2324.196
2 2324.224
1 2374.197
2 2324.157
1 2374.183
2 2324.187
1 2374.175
2 2324.217
1 2374.203
1 2374.228
2 2324.254
1 2374.205
2 2324.234
1 2374.216
2 2324.222
1 2374.185
2 2324.192
1 2374.216
2 2324.211
2 2324.197
1 2374.195
1 2374.190
2 2324.189
2 2324.191
1 2374.186
1 2374.212
2 2324.234
2 2324.199
1 2374.202
2 2324.200
1 2374.215
2 2324.227
1 2374.210
1 2374.223
2 2324.207
1 2374.174
2 2324.168
1 2374.204
2 2324.212
2 2324.188
1 2374.207
2 2324.206
1 2374.207
1 2374.206
2 2324.203
2 2324.206
1 2374.195
2 2324.180
1 2374.200
2 2324.220
1 2374.210
2 2324.218
1 2374.223
1 2374.194
2 2324.203
1 2374.224
2 2324.222
1 2374.185
2 2324.196
2 2324.223
1 2374.185
2 2324.223
1 2374.196
1 2374.212
2 2324.210
1 2374.208
2 2324.197
2 2324.179
1 2374.194
1 2374.199
2 2324.256
2 2324.157
1 2374.195
1 2374.186
2 2324.187
2 2324.193
1 2374.197
1 2374.191
2 2324.240
2 2324.175
1 2374.196
1 2374.203
2 2324.248
2 2324.189
1 2374.191
1 2374.196
2 2324.246
1 2374.197
2 2324.192
2 2324.215
1 2374.197
1 2374.193
2 2324.262
2 2324.209
1 2374.180
2 2324.205
1 2374.199
1 2374.208
2 2324.196
1 2374.197
2 2324.231
1 2374.193
2 2324.197
1 2374.209
2 2324.212
2 2324.226
1 2374.205
1 2374.212
2 2324.237
2 2324.195
1 2374.174
1 2374.211
2 2324.206
1 2374.193
2 2324.177
1 2374.225
2 2324.235
1 2374.195
2 2324.193
1 2374.204
2 2324.210
2 2324.230
1 2374.214
1 2374.199
2 2324.189
1 2374.193
2 2324.199
2 2324.186
1 2374.201
1 2374.200
2 2324.225
1 2374.206
2 2324.213
1 2374.193
2 2324.186
1 2374.182
2 2324.207
2 2324.238
1 2374.204
1 2374.194
2 2324.184
2 2324.205
1 2374.198
2 2324.202
1 2374.210
1 2374.194
2 2324.197
2 2324.197
1 2374.192
1 2374.196
2 2324.179
1 2374.203
2 2324.200
2 2324.241
1 2374.210
1 2374.204
2 2324.215
2 2324.217
1 2374.208
1 2374.213
2 2324.230
2 2324.192
1 2374.205
1 2374.212
2 2324.196
1 2374.207
2 2324.250
1 2374.220
2 2324.257
1 2374.193
2 2324.183
1 2374.191
2 2324.201
1 2374.192
2 2324.217
1 2374.204
2 2324.201
2 2324.209
1 2374.214
2 2324.176
1 2374.201
1 2374.212
2 2324.216
1 2374.221
2 2324.222
1 2374.213
2 2324.234
1 2374.183
2 2324.177
2 2324.231
1 2374.221
1 2374.203
2 2324.201
1 2374.204
2 2324.212
2 2324.223
1 2374.198
1 2374.209
2 2324.213
1 2374.206
2 2324.190
2 2324.178
1 2374.190
2 2324.211
1 2374.186
2 2324.185
1 2374.213
1 2374.193
2 2324.195
1 2374.201
2 2324.246
2 2324.188
1 2374.180
2 2324.226
1 2374.194
1 2374.198
2 2324.185
1 2374.204
2 2324.205
1 2374.201
2 2324.217
1 2374.201
2 2324.252
1 2374.210
2 2324.222
2 2324.216
1 2374.204
1 2374.204
2 2324.204
2 2324.201
1 2374.189
1 2374.200
2 2324.226
2 2324.239
1 2374.197
2 2324.177
1 2374.195
2 2324.230
1 2374.208
1 2374.211
2 2324.196
1 2374.210
2 2324.226
2 2324.176
1 2374.186
2 2324.215
1 2374.196
2 2324.211
1 2374.189
1 2374.194
2 2324.187
2 2324.205
1 2374.193
2 2324.160
1 2374.187
2 2324.193
1 2374.197
1 2374.222
2 2324.231
1 2374.194
2 2324.199
2 2324.236
1 2374.198
1 2374.202
2 2324.192
2 2324.221
1 2374.202
1 2374.196
2 2324.201
2 2324.224
1 2374.197
2 2324.174
1 2374.173
2 2324.202
1 2374.202
2 2324.182
1 2374.208
2 2324.194
1 2374.198
2 2324.167
1 2374.183
2 2324.219
1 2374.192
1 2374.206
2 2324.196
1 2374.197
2 2324.197
1 2374.203
2 2324.218
1 2374.196
2 2324.234
2 2324.209
1 2374.204
1 2374.210
2 2324.199
2 2324.194
1 2374.194
2 2324.228
1 2374.205
2 2324.222
1 2374.216
2 2324.224
1 2374.206
1 2374.185
2 2324.205
2 2324.248
1 2374.211
1 2374.209
2 2324.196
1 2374.207
2 2324.217
1 2374.200
2 2324.177
1 2374.208
2 2324.188
1 2374.212
2 2324.226
1 2374.209
2 2324.225
2 2324.208
1 2374.189
2 2324.211
1 2374.206
2 2324.229
1 2374.195
1 2374.223
2 2324.223
1 2374.191
2 2324.182
2 2324.197
1 2374.193
2 2324.232
1 2374.205
2 2324.162
1 2374.172
1 2374.187
2 2324.211
2 2324.220
1 2374.226
2 2324.216
1 2374.208
1 2374.201
2 2324.190
2 2324.176
1 2374.200
1 2374.196
2 2324.220
1 2374.186
2 2324.212
2 2324.252
1 2374.206
2 2324.160
1 2374.165
2 2324.200
1 2374.193
1 2374.211
2 2324.186
1 2374.211
2 2324.194
1 2374.208
2 2324.193
1 2374.191
2 2324.217
1 2374.214
2 2324.241
1 2374.197
2 2324.243
2 2324.221
1 2374.197
1 2374.211
2 2324.230
2 2324.207
1 2374.201
1 2374.179
2 2324.184
1 2374.192
2 2324.194
1 2374.195
2 2324.219
1 2374.198
2 2324.193
1 2374.203
2 2324.220
1 2374.183
2 2324.183
1 2374.196
2 2324.214
1 2374.167
2 2324.200
1 2374.209
2 2324.223
1 2374.197
2 2324.179
1 2374.203
2 2324.194
1 2374.198
2 2324.230
1 2374.205
2 2324.232
1 2374.205
2 2324.209
2 2324.166
1 2374.197
2 2324.213
1 2374.216
1 2374.194
2 2324.218
1 2374.205
2 2324.212
1 2374.203
2 2324.216
1 2374.202
2 2324.186
1 2374.200
2 2324.208
1 2374.208
2 2324.225
1 2374.208
2 2324.219
2 2324.186
1 2374.199
1 2374.211
2 2324.229
2 2324.215
1 2374.198
